11186
11187
11188
11677
11678
11666
11667
11668
11669
11670
3264
3274
1978
2010
3272
1975
11721
11721
11721
11722
11722
9530
9499
9505
9520
9522
9525
9493
9494
9495
14360
14117
14116
14356
14354
21156
21053
21157
23768
23720
23749
23717
20993
21158
20994
20994
11675
11676
11730
11730
11731
9536
9541
9542
9503
9504
9504
9504
9531
9532
9533
9534
9510
9511
9512
9513
9514
9515
9516
53594
53613
53595
53614
53596
53597
53598
53599
53615
53600
53601
53602
53603
53616
53604
53605
53606
53607
53617
53608
53583
53584
53585
53618
53586
53609
53587
53610
53588
53589
53611
53590
53591
53612
53592
53593
51990
51991
51992
51993
51994
51995
2814
2639
7306
6007
6007
1690
2514
17414
17399
17399
2880
2519
2738
1598
73
2154
549
647
1715
11724
11734
2519
2738
10390
10391
10392
10393
10388
10389
44376
53475
53476
53477
24182
24190
24191
24179
9753
9753
9754
9754
9746
9746
9754
10826
2961
3323