10723
10724
10724
10724
49402
49403
49402
10959
10961
10962
10963
10939
10955
10925
10926
10927
10928
26734
26736
310
2140
50140
50141
19100
19096
19100
3347
4482
10704
10204
10205
7369
7381
7455
10704
10711
1680
3101
2116
4967
2644
2271
1026
11011
11012
11018
11019
17412
17374
17402
310
2140
19927
19928
17231
17293
17251
17358
17530
343
10830
10832
10792
290
746
1892
6124
2023
2242
13871
3173
10798
10891
2201
10711
10704
19921
19922
19922
10663
10655
10654
10653
10664
10657
10656
10658
10660
5277
3281
21
468
7407
7407
11002
11003
11004
10902
10903
10903
5277
3281
21
468
7407
7407
11002
11003
11004
10902
10903
10903
6030
6028
4654
4651
6031
1822
4608
1825
1656
664
1681
664
1681
800
914
81
84
38408
38409
19917
19918
3768
1755
4221
285
13982
14124
13982
585
587
49615
49616
79
720
2153
991
4928
9149
9150
14337
14363
14337
2696
1462
19929
9491
9492
9521
4781
737
4878
3312
10977
10978
10979
10980
10977
10983
10984
10983
10984
10978
10977
10979
10980
53010
53009
53009