11678
3264
3274
1978
2010
3272
1975
14360
14117
14116
14356
14354
21156
21053
21157
23768
23720
23749
23717
20993
21158
20994
20994
9504
9504
9504
9514
9515
9516
53594
53613
53595
53614
53596
53597
53598
53599
53615
53600
53601
53602
53603
53616
53604
53605
53606
53607
53617
53608
53583
53584
53585
53618
53586
53609
53587
53610
53588
53589
53611
53590
53591
53612
53592
53593
51990
51991
51992
51993
51994
51995
7306
6007
6007
1690
2514
17414
17399
17399
2880
2519
2738
1598
73
2154
549
647
1715
2519
2738
10390
10391
10392
10393
44376
53475
53476
53477
2961
3323