2064
2065
2067
2063
1986
1292
2345
7115
2347
1238
2068
2348
2350
9140
9141
11175
11176
11177
11178
9133
9134
9135
9136
9145
9146
9142
9143
9144
11197
11198
11199
11200
1710
4844
11179
11180
11181
11182
11182
11193
11193
11196
33503
33492
33493
33500
4243
4614
1587
9151
9152
23522
14130
14103
14101
14131
14370
14253
14376
14374
14104
14384
14251
14184
14382
24979
24982
24984
24977
24976
24981
24980
24978
24983
24985
24827
24830
24832
24831
24826
24829
24828
24972
24973
24974
24975
31943
31944
31945
38186
38187
38188
38189
38190
38191
38192
38193
31956
31963
31950
31961
31962
31953
31954
31955
31957
31958
31959
31960
36292
36293
36294
31964
31965
31951
31952
31940
31941
31942
51384
51385
51386
51387
51388
51389
38800
38801
38802
38803
6145
6086
1894
1927
6146
2213
5502
405
401
6677
2977
3305
3671
3674
3304
4254
4196
2975
1591
117
154
936
13171
2872
13213
13214
13215
13216
13217
13218
13219
13249
13252
13265
13266
13267
13269